20200003794901
20200103758562
20200203773025
20200303791001
20200403869031
20200503896081
20200603917855
20200703978143
20200803903983
20200904223778
20201004230322
20201104027959
20201203941299
20201303923270
20201403933929
20201503952423
20201603853629
20201704012263
20201803936904
20201904064299
20202004037599
20202103764802
20202203555718
20202303489233
20202403409873
20202503421099
20202603328203
20202703434987
20202803450602
20202904087176
20203003999004
20203103810183
20203203774385
20203303840938
20203404086860
20203504288078
20203604349620
20203704469476
20203804290207
20203904782575
20204004666685
20204104493582
20204204487560
20204304424004
20204404407398
20204504268017
20204604033859
20204703958468
20204803681489
20204903863960
20205003720935
20205103504329
20205203475657
20205303754218
20205402769220
20205502749739
20205602786795
20205702947472
20205802404462
20205902418766
20206002259141
20206102179759
20206202132873
20206302030730
20206402051769
20206502033933
20206601862107
20206701849893
20206801788769
20206901875238
20207001843087
20207101784744
20207201802080
20207301674285
20207401621378
20207501610943
20207601530137
20207701450062
20207801456186
20207901367231
20208001172978
20208101065672
20208200963587
20208300890893
20208400807104
20208504259173